2025-07-21T12:00:00 +0200 0  1  2  3  4  5  6  7  8  9  10  11  12  13  14  15  16  17  18  19 
2025-07-22T12:00:00 +0200 0  1  2  3  4  5  6  7  8  9  10  11  12  13  14  15  16  17  18  19 
2025-07-23T12:00:00 +0200 0  1  2  3  4  5  6  7  8  9  10  11  12  13  14  15  16  17  18  19 
2025-07-24T12:00:00 +0200 0  1  2  3  4  5  6  7  8  9  10  11  12  13  14  15  16  17  18  19 
2025-07-25T12:00:00 +0200 0  1  2  3  4  5  6  7  8  9  10  11  12  13  14  15  16  17  18  19 
2025-08-01T12:00:00 +0200 0  1  2  3  4  5  6  7  8  9  10  11  12  13  14  15  16  17  18  19 
2025-08-08T12:00:00 +0200 0  1  2  3  4  5  6  7  8  9  10  11  12  13  14  15  16  17  18  19 
2025-08-11T12:00:00 +0200 0  1  2  3  4  5  6  7  8  9  10  11  12  13  14  15  16  17  18  19 
2025-08-12T12:00:00 +0200 0  1  2  3  4  5  6  7  8  9  10  11  12  13  14  15  16  17  18  19 
2025-08-13T12:00:00 +0200 0  1  2  3  4  5  6  7  8  9  10  11  12  13  14  15  16  17  18  19 
2025-08-14T12:00:00 +0200 0  1  2  3  4  5  6  7  8  9  10  11  12  13  14  15  16  17  18  19 
2025-08-15T12:00:00 +0200 0  1  2  3  4  5  6  7  8  9  10  11  12  13  14  15  16  17  18  19 
2025-08-25T12:00:00 +0200 0  1  2  3  4  5  6  7  8  9  10  11  12  13  14  15  16  17  18  19 
2025-08-26T12:00:00 +0200 0  1  2  3  4  5  6  7  8  9  10  11  12  13  14  15  16  17  18  19 
2025-08-27T12:00:00 +0200 0  1  2  3  4  5  6  7  8  9  10  11  12  13  14  15  16  17  18  19 
2025-08-28T12:00:00 +0200 0  1  2  3  4  5  6  7  8  9  10  11  12  13  14  15  16  17  18  19 
2025-08-29T12:00:00 +0200 0  1  2  3  4  5  6  7  8  9  10  11  12  13  14  15  16  17  18  19 
2025-09-03T12:00:00 +0200 0  1  2  3  4  5  6  7  8  9  10  11  12  13  14  15  16  17  18  19 
2025-09-05T12:00:00 +0200 0  1  2  3  4  5  6  7  8  9  10  11  12  13  14  15  16  17  18  19 
2025-09-10T12:00:00 +0200 0  1  2  3  4  5  6  7  8  9  10  11  12  13  14  15  16  17  18  19 
2025-09-12T12:00:00 +0200 0  1  2  3  4  5  6  7  8  9  10  11  12  13  14  15  16  17  18  19 
2025-09-17T12:00:00 +0200 0  1  2  3  4  5  6  7  8  9  10  11  12  13  14  15  16  17  18  19 
2025-09-18T12:00:00 +0200 0  1  2  3  4  5  6  7  8  9  10  11  12  13  14  15  16  17  18  19 
2025-09-19T12:00:00 +0200 0  1  2  3  4  5  6  7  8 